11937
11938
11939
11940
11941
11942
11943
11944
11945
11946
13230
13231
13232
13233
13234
13235
13236
13237
13238
13239
13520
13521
13522
13523
13524
13525
13526
13527
13528
13529
13861
13862
13863
13864
13865
13866
13867
13868
13869
13870
14120
14121
14122
14123
14124
14125
14126
14127
14128
14129
15506
15507
15508
15509
15510
15511
15512
15513
15514
15515
16750
16751
16752
16753
16754
16755
16756
16757
16758
16759
7414
7415
7416
7417
7418
7419
7420
7421
7422
7423
7812
7813
7814
7815
7816
7817
7818
7819
7820
7821
14614
14615
14616
14617
14618
14619
14620
14621
14622
14623
15636
15637
15638
15639
15640
15641
15642
15643
15644
15645
25972
25973
25974
25975
25976
25977
25978
25979
25980
25981
25982
25983
25984
25985
25986
25987
25988
25989
25990
25991
26130
26131
26132
26133
26134
26135
26136
26137
26138
26139
26140
26141
26142
26143
26144
26145
26146
26147
26148
26149
26162
26163
26164
26165
26166
26167
26168
26169
26170
26171
26172
26173
26174
26175
26176
26177
26178
26179
26180
26181
26436
26437
26438
26439
26440
26441
26442
26443
26444
26445
26446
26447
26448
26449
26450
26451
26452
26453
26454
26455
26985
26986
26987
26988
26989
26990
26991
26992
26993
26994
26995
26996
26997
26998
26999
27000
27001
27002
27003
27004
27194
27195
27196
27197
27198
27199
27200
27201
27202
27203
27204
27205
27206
27207
27208
27209
27210
27211
27212
27213
27586
27587
27588
27589
27590
27591
27592
27593
27594
27595
27596
27597
27598
27599
27600
27601
27602
27603
27604
27605
28560
28561
28562
28563
28564
28565
28566
28567
28568
28569
28570
28571
28572
28573
28574
28575
28576
28577
28578
28579
32924
32925
32926
32927
32928
32929
32930
32931
32932
32933
32934
32935
32936
32937
32938
32939
32940
32941
32942
32943
34147
34148
34149
34150
34151
34152
34153
34154
34155
34156
34157
34158
34159
34160
34161
34162
34163
34164
34165
34166
37864
37865
37866
37867
37868
37869
37870
37871
37872
37873
37874
37875
37876
37877
37878
37879
37880
37881
37882
37883
39923
39924
39925
39926
39927
39928
39929
39930
39931
39932
39933
39934
39935
39936
39937
39938
39939
39940
39941
39942
48508
48509
48510
48511
48512
48513
48514
48515
48516
48517
48518
48519
48520
48521
48522
48523
48525
48526
48527
48528
